# Tetrahedral Mesh Data
# Vertices: 72
# Tetrahedra: 294

VERTICES
-0.999986 -0.999990 -0.999920
-1.000065 -0.999947 1.000039
-1.000077 0.999901 -0.999901
-0.999931 0.999950 1.000093
1.000019 -1.000013 -0.999990
0.999975 -1.000034 1.000057
0.999956 0.999983 -1.000090
1.000077 1.000008 1.000034
-0.600060 -0.600053 -0.600111
-0.600060 -0.600053 -0.200038
-0.600060 -0.600053 0.200111
-0.600060 -0.600053 0.600011
-0.600060 -0.199937 -0.600063
-0.600060 -0.199937 -0.200049
-0.600060 -0.199937 0.199999
-0.600060 -0.199937 0.599960
-0.600060 0.199977 -0.599965
-0.600060 0.199977 -0.200086
-0.600060 0.199977 0.200022
-0.600060 0.199977 0.600083
-0.600060 0.600100 -0.599974
-0.600060 0.600100 -0.200106
-0.600060 0.600100 0.200058
-0.600060 0.600100 0.600060
-0.199930 -0.600005 -0.600086
-0.199930 -0.600005 -0.199945
-0.199930 -0.600005 0.200118
-0.199930 -0.600005 0.600092
-0.199930 -0.199875 -0.600114
-0.199930 -0.199875 -0.200076
-0.199930 -0.199875 0.199949
-0.199930 -0.199875 0.600046
-0.199930 0.200107 -0.600022
-0.199930 0.200107 -0.200026
-0.199930 0.200107 0.199927
-0.199930 0.200107 0.599972
-0.199930 0.600203 -0.600137
-0.199930 0.600203 -0.200108
-0.199930 0.600203 0.199970
-0.199930 0.600203 0.600095
0.200035 -0.600085 -0.600134
0.200035 -0.600085 -0.200000
0.200035 -0.600085 0.199931
0.200035 -0.600085 0.600028
0.200035 -0.199998 -0.599975
0.200035 -0.199998 -0.200001
0.200035 -0.199998 0.200096
0.200035 -0.199998 0.600003
0.200035 0.200047 -0.600118
0.200035 0.200047 -0.199928
0.200035 0.200047 0.200002
0.200035 0.200047 0.600147
0.200035 0.600172 -0.600088
0.200035 0.600172 -0.200011
0.200035 0.600172 0.199940
0.200035 0.600172 0.599980
0.600002 -0.600062 -0.600088
0.600002 -0.600062 -0.200096
0.600002 -0.600062 0.200073
0.600002 -0.600062 0.600030
0.600002 -0.199953 -0.600072
0.600002 -0.199953 -0.200060
0.600002 -0.199953 0.199984
0.600002 -0.199953 0.600149
0.600002 0.200057 -0.600019
0.600002 0.200057 -0.200102
0.600002 0.200057 0.200008
0.600002 0.200057 0.600025
0.600002 0.600079 -0.600068
0.600002 0.600079 -0.200078
0.600002 0.600079 0.199988
0.600002 0.600079 0.599972

TETRAHEDRA
5 1 3 51
7 3 6 38
2 1 0 13
6 0 4 28
6 2 0 28
5 4 0 42
7 5 3 51
7 4 5 62
7 6 4 65
6 3 2 38
5 0 1 42
3 1 2 18
12 9 8 24
9 0 8 24
12 0 9 13
9 8 0 12
28 4 6 48
10 1 0 26
13 0 9 14
24 9 0 25
10 9 1 14
16 12 2 28
10 0 9 25
11 1 10 26
18 1 15 19
12 8 0 28
13 9 12 24
9 0 1 14
12 2 0 13
11 10 1 15
18 15 14 30
18 14 13 30
29 28 16 32
14 9 13 25
26 1 0 42
15 10 14 26
14 1 10 15
15 1 11 27
13 12 2 16
21 18 17 34
16 2 13 17
29 25 24 44
16 13 12 29
29 24 28 44
36 2 6 48
24 12 13 29
17 13 16 29
22 19 18 35
18 13 17 30
15 14 1 18
19 15 18 35
18 3 1 19
19 1 15 31
30 18 15 31
18 17 2 21
18 2 3 22
21 20 2 37
39 3 35 51
21 17 16 32
17 16 2 21
20 2 16 21
21 16 20 32
23 3 19 39
19 18 3 22
21 2 18 22
22 21 2 38
22 18 21 34
22 3 19 23
38 7 3 39
23 19 22 35
24 13 9 29
14 10 9 25
28 0 4 40
12 0 2 28
25 0 24 41
28 16 12 29
28 12 24 29
29 13 25 30
33 30 29 49
26 15 11 27
15 11 10 26
25 14 10 26
29 17 13 30
35 22 23 39
27 1 26 43
26 11 1 27
27 15 1 31
19 3 1 31
24 0 8 28
20 16 2 36
32 20 21 37
34 21 22 38
54 50 49 70
31 26 30 46
44 25 41 45
25 13 14 30
26 25 14 30
25 24 9 29
40 24 0 41
30 29 17 33
26 14 15 30
27 26 15 31
30 25 29 45
51 5 47 63
30 15 26 31
31 30 18 35
27 1 5 31
34 22 18 35
37 33 32 53
33 29 32 48
32 17 29 33
29 16 17 32
28 2 16 32
28 6 2 48
30 17 18 34
32 21 17 33
38 34 33 53
34 30 33 49
35 30 34 50
33 21 17 34
33 17 30 34
38 35 34 50
34 18 30 35
31 19 3 35
31 18 15 35
33 32 21 37
34 33 21 38
23 22 3 39
36 6 2 37
22 2 3 38
32 2 16 36
39 35 38 55
35 34 22 38
36 2 20 37
36 20 32 37
38 33 37 53
37 21 33 38
37 2 21 38
37 6 2 38
38 3 22 39
38 22 35 39
35 19 3 39
32 29 28 44
44 29 25 45
37 32 36 52
41 40 24 44
30 26 25 42
28 24 0 40
40 0 4 41
41 24 25 44
41 4 40 57
35 31 30 50
49 30 45 50
31 27 26 47
45 44 29 49
42 4 41 57
41 0 4 42
42 25 30 45
49 45 44 65
37 36 6 52
45 30 42 46
47 43 46 58
43 5 42 58
42 1 5 43
40 4 28 44
45 41 44 57
38 6 7 54
48 33 29 49
42 41 25 45
47 31 35 50
49 34 30 50
58 4 57 62
42 5 4 58
39 38 7 55
43 42 26 46
46 31 26 47
43 26 27 47
46 42 45 62
57 56 44 60
43 27 5 47
46 26 43 47
50 47 46 67
50 35 47 51
44 32 29 48
48 4 6 60
36 32 2 48
49 44 48 65
48 29 44 49
53 49 48 65
52 37 32 53
45 29 30 49
46 45 30 50
55 7 51 71
62 61 49 66
57 44 45 61
50 45 49 62
46 30 31 50
47 46 31 50
51 47 50 67
39 7 3 51
31 1 5 51
31 3 1 51
48 6 36 52
49 48 33 53
48 32 33 53
52 6 37 53
52 32 48 53
52 48 6 68
49 33 34 53
50 49 34 54
51 39 7 55
54 6 7 70
53 38 34 54
53 34 49 54
54 49 53 70
50 38 35 54
51 50 35 55
55 50 54 70
54 35 50 55
54 38 35 55
54 7 38 55
48 44 4 60
50 46 45 62
57 4 56 60
45 42 41 57
44 40 4 60
44 41 40 57
56 44 40 57
56 40 4 57
57 42 4 58
47 5 43 63
46 43 42 58
64 44 61 65
61 60 44 64
57 45 42 62
51 7 5 63
58 43 5 59
58 47 43 59
61 45 57 62
61 57 4 62
59 5 58 62
65 6 64 69
53 48 52 69
53 52 6 69
60 57 4 61
56 4 40 60
60 44 57 61
58 57 42 62
58 46 47 62
59 58 47 62
61 49 45 62
62 59 5 63
58 5 4 62
62 5 7 63
55 54 7 70
55 51 50 67
62 47 59 63
63 62 47 67
63 7 62 67
59 43 5 63
68 52 48 69
64 48 44 65
60 6 48 64
61 4 60 64
64 4 6 65
61 44 45 65
63 51 7 67
62 49 50 66
65 7 6 69
68 48 64 69
62 46 47 67
65 49 61 66
66 62 7 67
67 50 55 71
67 7 66 71
66 50 46 67
66 46 62 67
68 6 52 69
68 64 6 69
69 66 7 70
65 64 48 69
64 6 48 68
65 48 53 69
69 49 66 70
66 65 49 69
69 6 53 70
69 53 49 70
66 49 50 70
70 7 55 71
67 66 50 71
70 66 7 71
70 50 66 71
70 55 50 71
67 51 7 71

# Valid tetrahedra: 294
