# Tetrahedral Mesh Data
# Vertices: 166
# Tetrahedra: 509

VERTICES
-0.000094 0.707143 0.707083
0.000081 0.965932 0.258868
-0.000090 0.965869 -0.258842
0.000080 0.866027 -0.499913
0.129463 0.224099 0.965996
0.250044 0.432941 0.866004
0.353497 0.612284 0.707162
0.432939 0.749953 0.500043
0.483041 0.836509 0.258908
0.499912 0.865952 -0.000080
0.482902 0.836422 -0.258729
0.432917 0.749926 -0.499945
0.353569 0.612426 -0.707100
0.249988 0.432922 -0.865963
0.129384 0.224085 -0.965848
0.224083 0.129466 0.965939
0.433001 0.249992 0.866073
0.612332 0.353639 0.707113
0.750049 0.432949 0.500007
0.836465 0.482946 0.258856
0.866019 0.499960 -0.000062
0.836441 0.482877 -0.258738
0.749949 0.432936 -0.500077
0.612403 0.353567 -0.707187
0.432923 0.249940 -0.865932
0.224132 0.129321 -0.966004
0.258877 -0.000042 0.966013
0.499967 0.000028 0.866109
0.707110 0.000054 0.707076
0.865988 0.000071 0.499950
0.965860 0.000089 0.258903
1.000078 -0.000083 -0.000054
0.965943 -0.000093 -0.258744
0.865935 -0.000031 -0.499967
0.707187 -0.000053 -0.707183
0.499986 0.000037 -0.865991
0.258729 0.000085 -0.966010
0.224172 -0.129338 0.965855
0.433022 -0.249968 0.866103
0.612364 -0.353515 0.707195
0.749928 -0.432945 0.499921
0.836434 -0.482895 0.258728
0.866054 -0.500056 -0.000055
0.836568 -0.483056 -0.258755
0.750000 -0.433024 -0.500008
0.612292 -0.353471 -0.707196
0.432919 -0.250054 -0.866104
0.224050 -0.129451 -0.965964
0.129356 -0.224102 0.966008
0.249904 -0.432966 0.866060
0.353602 -0.612360 0.707180
0.432996 -0.750010 0.500017
0.482887 -0.836467 0.258828
0.500017 -0.866052 0.000064
0.482925 -0.836481 -0.258896
0.433017 -0.750054 -0.499906
0.353574 -0.612366 -0.707076
0.249990 -0.432919 -0.865977
0.129481 -0.224152 -0.965843
0.000034 -0.258792 0.965911
-0.000087 -0.499944 0.866035
-0.000015 -0.707146 0.707084
0.000043 -0.866069 0.499961
0.000088 -0.966015 0.258727
0.000007 -1.000006 0.000059
0.000069 -0.965996 -0.258896
-0.000060 -0.866095 -0.499904
-0.000024 -0.707109 -0.707206
0.000001 -0.499970 -0.865979
0.000012 -0.258891 -0.965951
-0.129337 -0.224220 0.966022
-0.250067 -0.433103 0.866017
-0.353601 -0.612361 0.707120
-0.432995 -0.750041 0.499934
-0.483015 -0.836578 0.258750
-0.499911 -0.866076 0.000044
-0.482923 -0.836534 -0.258748
-0.433064 -0.750088 -0.500097
-0.353604 -0.612276 -0.707177
-0.249976 -0.432967 -0.866009
-0.129492 -0.224080 -0.965961
-0.224169 -0.129495 0.965940
-0.432957 -0.250059 0.866120
-0.612468 -0.353485 0.707201
-0.749949 -0.433027 0.499988
-0.836469 -0.483035 0.258769
-0.865930 -0.499931 -0.000061
-0.836417 -0.483024 -0.258848
-0.749979 -0.433034 -0.499933
-0.612321 -0.353538 -0.707114
-0.433071 -0.249937 -0.865968
-0.224208 -0.129371 -0.965848
0.000008 0.000020 0.999970
-0.258793 0.000067 0.966011
-0.500076 -0.000075 0.866020
-0.707067 -0.000025 0.707197
-0.866069 -0.000013 0.499902
-0.965844 0.000062 0.258831
-1.000063 0.000025 0.000022
-0.966012 -0.000068 -0.258810
-0.865936 -0.000007 -0.500023
-0.707059 -0.000093 -0.707156
-0.500093 -0.000015 -0.865952
-0.258785 -0.000044 -0.965924
-0.224076 0.129495 0.965841
-0.432989 0.249929 0.866019
-0.612423 0.353484 0.707107
-0.750061 0.432928 0.500050
-0.836587 0.482925 0.258770
-0.866099 0.499961 -0.000029
-0.836427 0.482992 -0.258862
-0.750095 0.432981 -0.500096
-0.612354 0.353618 -0.707153
-0.433045 0.250097 -0.865993
-0.224135 0.129495 -0.965864
-0.129437 0.224164 0.966005
-0.250075 0.433047 0.865956
-0.353577 0.612288 0.707025
-0.433092 0.750044 0.499965
-0.483029 0.836462 0.258804
-0.499964 0.865946 -0.000016
-0.482900 0.836603 -0.258779
-0.433008 0.749924 -0.500088
-0.353517 0.612295 -0.707189
-0.249984 0.433034 -0.866071
-0.129368 0.224077 -0.965951
-0.000002 0.258815 0.965854
0.000014 0.499999 0.866077
-0.000047 0.865978 0.499993
0.000094 0.999936 0.000012
-0.000009 0.707168 -0.707177
-0.000046 0.500099 -0.866051
-0.000076 0.258771 -0.965912
0.000014 0.000044 -1.000025
-0.599980 -0.199958 -0.200044
-0.599980 -0.199958 0.199962
-0.599980 0.200137 -0.200004
-0.599980 0.200137 0.200001
-0.200089 -0.599993 -0.200002
-0.200089 -0.599993 0.199970
-0.200089 -0.199869 -0.599975
-0.200089 -0.199869 -0.199963
-0.200089 -0.199869 0.199961
-0.200089 -0.199869 0.600064
-0.200089 0.200036 -0.599993
-0.200089 0.200036 -0.200036
-0.200089 0.200036 0.199969
-0.200089 0.200036 0.600054
-0.200089 0.600106 -0.200025
-0.200089 0.600106 0.200046
0.199979 -0.600004 -0.199960
0.199979 -0.600004 0.200109
0.199979 -0.199965 -0.599903
0.199979 -0.199965 -0.199940
0.199979 -0.199965 0.200060
0.199979 -0.199965 0.600016
0.199979 0.200065 -0.599921
0.199979 0.200065 -0.199937
0.199979 0.200065 0.200100
0.199979 0.200065 0.600167
0.199979 0.600141 -0.200018
0.199979 0.600141 0.200120
0.600034 -0.199891 -0.199928
0.600034 -0.199891 0.200148
0.600034 0.200117 -0.199874
0.600034 0.200117 0.200157

TETRAHEDRA
24 13 14 156
129 9 1 161
144 130 123 148
148 130 3 160
127 0 6 159
50 49 39 155
11 10 3 160
153 150 152 162
28 17 18 165
157 154 153 162
8 7 1 161
145 141 140 152
19 8 9 165
133 132 125 144
135 86 134 138
7 6 0 161
159 6 7 161
116 105 106 147
145 136 141 146
10 2 3 160
106 105 95 147
12 11 3 160
150 67 138 152
68 67 56 152
112 111 100 136
138 134 135 141
152 145 141 153
139 64 138 150
15 4 5 159
30 19 20 165
142 139 141 153
16 15 5 159
18 17 7 159
27 15 16 159
150 42 43 162
17 6 7 159
17 5 6 159
157 142 154 158
17 16 5 159
20 19 9 165
21 20 9 164
143 60 61 155
149 147 146 158
126 4 92 159
22 21 11 164
21 10 11 164
150 56 67 152
30 29 18 165
23 12 13 156
22 11 12 156
152 34 35 156
19 7 8 165
25 24 14 156
156 34 23 164
143 59 60 155
27 26 15 159
131 130 123 144
33 21 22 164
33 22 23 164
28 27 16 159
38 27 28 155
28 16 17 159
19 18 7 165
21 9 10 164
134 88 89 140
136 111 122 144
163 29 30 165
30 18 19 165
142 137 135 143
32 31 21 164
33 32 21 164
31 20 21 164
135 97 96 137
41 30 31 163
31 30 20 165
40 28 29 163
40 39 28 163
41 40 30 163
35 34 24 156
34 23 24 156
49 38 39 155
134 86 87 138
45 34 35 152
39 38 28 155
134 87 88 138
137 136 120 148
36 35 24 156
47 35 36 152
138 135 86 139
9 8 1 161
132 131 124 144
126 5 4 159
45 33 34 162
73 72 61 139
92 15 26 159
152 141 138 153
139 138 135 141
40 29 30 163
154 142 143 158
162 156 157 164
157 152 156 162
42 31 32 162
49 48 37 155
143 139 142 154
43 42 32 162
54 53 42 150
54 42 43 150
44 32 33 162
137 106 95 147
57 56 45 152
52 40 41 151
52 51 40 151
56 55 44 152
54 43 44 162
46 45 35 152
57 45 46 152
133 36 25 156
72 71 60 143
135 85 86 139
133 25 14 156
92 26 37 155
93 92 81 143
133 91 80 140
64 53 54 150
51 50 40 155
50 39 40 155
150 64 53 151
37 26 27 155
60 59 49 155
61 50 51 151
53 41 42 151
61 49 50 155
53 52 41 151
92 59 70 143
58 46 47 152
45 44 33 162
137 95 135 143
110 109 99 136
138 66 67 150
55 54 44 150
65 54 55 150
65 64 54 150
73 61 62 139
36 24 25 156
47 46 35 152
56 44 45 152
58 57 46 152
34 33 23 164
141 135 139 142
67 66 56 150
91 90 79 140
129 10 9 160
133 58 47 152
133 47 36 152
66 55 56 150
92 48 59 155
143 95 94 147
134 101 100 136
84 72 73 143
71 70 60 143
79 78 68 140
134 98 86 135
38 37 27 155
86 85 74 139
62 61 51 151
94 93 81 143
61 60 49 155
150 53 42 151
62 51 52 151
63 62 52 151
63 52 53 151
92 37 48 155
82 81 71 143
72 60 61 143
155 40 151 163
42 41 31 163
138 65 66 150
76 64 65 138
75 74 63 139
68 56 57 152
104 93 94 147
78 67 68 140
76 65 66 138
73 62 63 139
70 59 60 143
155 154 143 158
59 48 49 155
49 37 38 155
91 79 80 140
74 73 63 139
86 74 75 139
140 133 103 144
138 67 78 140
76 75 64 138
75 63 64 139
86 75 76 138
78 66 67 138
77 76 66 138
88 76 77 138
94 82 83 143
69 68 58 152
138 88 134 140
119 107 108 137
78 77 66 138
68 57 58 152
100 88 89 134
79 68 69 140
137 118 107 147
133 69 58 152
137 107 106 147
92 70 81 143
139 135 84 143
81 70 71 143
134 100 99 136
82 71 72 143
84 83 72 143
83 82 72 143
88 77 78 140
85 84 73 139
85 73 74 139
97 85 86 135
95 94 83 143
138 86 75 139
146 142 141 157
105 94 95 147
88 87 76 138
133 114 103 144
100 99 88 134
87 86 76 138
89 88 78 140
138 77 88 140
146 141 145 157
141 139 138 153
90 78 79 140
99 87 88 134
134 89 101 140
135 84 85 139
90 89 78 140
95 83 84 135
136 134 101 144
104 92 93 147
94 81 82 143
127 5 126 159
136 135 134 141
135 134 98 136
130 13 12 156
96 84 85 135
128 117 118 149
122 121 110 148
136 109 98 137
150 138 139 153
24 23 13 156
80 79 69 140
138 78 77 140
99 98 86 134
98 97 86 135
120 119 108 137
99 86 87 134
102 90 91 140
101 89 90 140
112 101 102 144
102 101 90 140
113 112 102 144
133 80 69 140
147 118 117 149
92 4 15 159
105 104 94 147
96 95 84 135
147 126 92 159
108 107 97 137
106 95 96 137
120 108 109 137
110 99 100 136
134 99 98 136
107 96 97 137
117 106 107 147
119 118 107 137
109 108 97 137
120 109 110 136
107 106 96 137
160 157 156 164
97 96 85 135
142 135 139 143
122 2 121 148
114 113 102 144
121 2 120 148
141 138 140 152
140 67 68 152
109 97 98 137
109 98 99 136
111 110 100 136
121 120 110 148
112 100 101 136
135 98 97 137
140 103 102 144
123 122 112 144
140 101 134 144
148 144 130 156
133 103 91 140
103 102 91 140
156 152 34 162
114 102 103 144
138 75 64 139
162 34 156 164
153 139 150 154
115 92 104 147
116 104 105 147
128 1 7 161
136 98 135 137
135 96 95 137
126 115 116 147
116 115 104 147
101 100 89 134
120 1 119 149
118 117 107 147
129 120 2 148
136 120 109 137
141 140 134 145
122 111 112 144
137 135 136 146
122 3 2 148
162 33 34 164
144 131 130 156
122 110 111 136
136 101 112 144
132 124 125 144
123 112 113 144
144 123 122 148
124 123 113 144
124 113 114 144
132 14 13 156
151 143 61 155
153 141 142 157
117 0 116 147
126 92 115 147
127 116 0 147
127 126 116 147
128 118 119 149
135 95 83 143
128 119 1 149
137 120 119 149
159 0 6 161
128 0 117 149
136 110 120 148
152 138 150 153
129 2 10 160
131 123 124 144
130 122 123 148
145 140 144 156
140 69 133 152
131 13 130 156
132 13 131 156
133 125 114 144
125 124 114 144
133 14 132 156
140 134 138 141
146 145 136 148
139 72 61 143
143 61 139 151
64 63 53 151
151 42 150 162
147 0 127 159
147 143 142 158
127 6 5 159
117 116 106 147
29 28 18 165
143 142 137 147
139 73 72 143
139 84 73 143
135 83 84 143
140 102 101 144
144 140 133 156
144 134 140 145
144 136 134 145
130 12 3 160
146 136 137 148
136 122 110 148
136 112 111 144
156 145 152 157
161 157 160 164
154 153 142 157
148 146 145 157
147 137 118 149
137 119 118 149
153 152 145 157
145 144 136 148
144 122 136 148
129 1 120 149
146 137 142 147
147 142 146 158
141 136 135 146
142 141 135 146
143 137 95 147
143 94 93 147
143 93 92 147
147 92 143 159
155 143 147 158
148 137 146 149
149 148 129 160
149 146 148 157
160 149 157 161
156 148 145 160
160 156 11 164
130 3 122 148
148 145 144 156
148 129 120 149
148 120 137 149
147 146 137 149
147 117 0 149
159 147 0 161
157 149 146 158
152 150 44 162
157 153 152 162
151 40 41 163
151 41 42 163
153 142 139 154
138 64 65 150
140 138 67 152
66 65 55 150
139 63 64 151
150 139 64 151
151 150 139 154
155 143 92 159
158 155 154 163
151 61 50 155
139 61 62 151
139 62 63 151
144 132 131 156
140 68 69 152
150 55 56 152
150 44 55 152
158 157 149 161
163 162 158 164
155 151 154 163
154 150 153 162
162 154 151 163
44 43 32 162
155 39 40 163
143 92 59 155
158 154 157 162
161 158 157 164
147 127 126 159
159 155 158 165
151 50 51 155
151 51 40 155
154 139 151 155
154 143 139 155
152 35 36 156
152 36 133 156
144 133 132 156
152 133 140 156
152 140 145 156
23 22 12 156
128 7 0 161
157 148 149 160
160 11 10 164
154 151 150 162
162 158 154 163
156 22 11 164
157 156 145 160
156 130 148 160
149 128 0 161
149 0 147 161
157 146 142 158
158 147 155 159
163 28 29 165
164 158 163 165
159 17 28 165
161 159 158 165
159 7 18 165
161 8 7 165
155 92 26 159
155 26 27 159
155 27 28 159
159 158 147 161
158 149 147 161
160 9 129 161
149 129 1 161
148 2 129 160
148 3 2 160
156 12 130 160
156 11 12 160
156 23 22 164
164 9 161 165
164 161 158 165
149 1 128 161
160 129 149 161
160 10 9 164
164 163 31 165
162 157 158 164
163 31 162 164
162 151 42 163
150 54 44 162
152 45 34 162
152 44 45 162
162 42 31 163
163 158 155 165
159 28 155 163
163 159 28 165
155 28 39 163
163 30 31 165
162 31 32 164
162 32 33 164
161 160 9 164
161 9 8 165
164 31 20 165
164 20 9 165
161 7 159 165
159 18 17 165

# Valid tetrahedra: 509
