# Tetrahedral Mesh Data
# Vertices: 32
# Tetrahedra: 61

VERTICES
0.000020 0.500021 0.865930
0.000068 0.865940 0.499959
0.000080 0.999950 0.000002
-0.000080 0.866091 -0.500041
-0.000049 0.500054 -0.866022
0.433086 0.250024 0.866108
0.750040 0.433101 0.500059
0.866058 0.499913 0.000050
0.749963 0.433036 -0.499968
0.433072 0.250027 -0.866067
0.432941 -0.249970 0.865963
0.750089 -0.432930 0.499991
0.866005 -0.499930 0.000007
0.749965 -0.432990 -0.499901
0.432992 -0.250096 -0.865962
0.000063 -0.500066 0.866026
0.000097 -0.866083 0.500076
-0.000083 -1.000035 -0.000017
-0.000064 -0.866070 -0.499972
-0.000058 -0.499974 -0.866007
0.000081 0.000007 1.000054
-0.433045 -0.250040 0.866077
-0.749927 -0.432930 0.499944
-0.865956 -0.500066 0.000021
-0.749922 -0.433088 -0.500018
-0.433003 -0.250087 -0.866116
-0.433101 0.250044 0.866054
-0.749963 0.432981 0.499909
-0.866015 0.500040 -0.000050
-0.749966 0.432985 -0.500025
-0.432991 0.250071 -0.866062
0.000059 -0.000007 -1.000028

TETRAHEDRA
25 24 19 30
22 0 1 27
27 1 22 29
17 12 13 22
4 2 3 29
20 0 10 22
4 3 2 8
9 8 4 14
14 2 4 29
6 0 1 7
6 5 0 10
7 1 2 8
7 0 1 10
7 6 0 10
8 7 1 13
8 2 4 14
11 10 7 12
12 10 7 13
10 7 6 11
29 4 14 31
10 1 7 13
8 1 2 13
10 0 1 22
21 10 15 22
13 10 1 22
13 1 2 29
13 2 8 14
19 13 14 29
13 12 10 22
12 11 10 16
30 4 29 31
10 5 0 20
16 15 10 22
22 21 0 26
16 10 12 17
18 17 13 22
17 10 12 22
14 13 2 29
14 4 9 31
27 2 1 29
19 18 13 22
20 10 15 21
21 0 20 22
21 20 10 22
17 16 10 22
22 18 17 23
22 19 18 24
24 23 22 29
23 22 18 24
27 22 23 29
30 29 19 31
21 20 0 26
26 0 22 27
24 22 19 29
22 13 19 29
22 1 13 29
28 27 23 29
28 2 27 29
29 14 19 31
29 19 24 30
30 19 25 31

# Valid tetrahedra: 61
