# Tetrahedral Mesh Data
# Vertices: 586
# Tetrahedra: 1543

VERTICES
-0.000049 0.866108 0.499911
0.000060 0.923947 0.382776
0.000086 0.966011 0.258775
-0.000076 1.000004 0.000029
0.000073 0.965910 -0.258910
0.000023 0.923782 -0.382668
-0.000004 0.865984 -0.500093
0.000060 0.707035 -0.707017
0.033726 0.126004 0.991524
0.066895 0.250079 0.965870
0.098995 0.369592 0.923885
0.129342 0.482887 0.866115
0.157486 0.588001 0.793394
0.182983 0.683095 0.707095
0.205338 0.766327 0.608718
0.224074 0.836507 0.499992
0.239057 0.892346 0.382689
0.250021 0.933035 0.258875
0.256671 0.957568 0.130459
0.258805 0.965881 0.000096
0.256626 0.957707 -0.130571
0.250083 0.933101 -0.258901
0.239135 0.892428 -0.382661
0.224143 0.836602 -0.499957
0.205398 0.766357 -0.608702
0.182943 0.683106 -0.707133
0.157603 0.588093 -0.793278
0.129386 0.482984 -0.866062
0.098965 0.369698 -0.923877
0.067076 0.250008 -0.965957
0.033736 0.126164 -0.991365
0.065203 0.113135 0.991512
0.129332 0.224242 0.965914
0.191316 0.331389 0.923889
0.249909 0.433039 0.866066
0.304324 0.527275 0.793445
0.353541 0.612413 0.707121
0.396600 0.687053 0.608735
0.433068 0.749929 0.500094
0.462029 0.800054 0.382704
0.483010 0.836570 0.258803
0.495711 0.858706 0.130591
0.499967 0.866077 -0.000046
0.495759 0.858696 -0.130471
0.482890 0.836458 -0.258756
0.462014 0.800022 -0.382593
0.433065 0.750070 -0.500040
0.396700 0.687132 -0.608838
0.353456 0.612333 -0.707123
0.304471 0.527211 -0.793268
0.249914 0.433109 -0.865930
0.191392 0.331437 -0.923923
0.129428 0.224060 -0.965941
0.065287 0.113126 -0.991348
0.092221 0.092378 0.991457
0.183056 0.182938 0.966000
0.270579 0.270599 0.923815
0.353620 0.353508 0.866042
0.430431 0.430409 0.793389
0.500068 0.499937 0.707157
0.561044 0.560958 0.608806
0.612365 0.612340 0.500063
0.653264 0.653369 0.382742
0.683012 0.682996 0.258780
0.701113 0.700993 0.130585
0.707164 0.707056 -0.000030
0.701128 0.701037 -0.130427
0.683025 0.683003 -0.258910
0.653317 0.653190 -0.382754
0.612439 0.612295 -0.499900
0.561080 0.561032 -0.608746
0.500028 0.500010 -0.707098
0.430526 0.430524 -0.793268
0.353646 0.353590 -0.866001
0.270672 0.270579 -0.923799
0.183016 0.183085 -0.965964
0.092279 0.092246 -0.991396
0.112940 0.065355 0.991523
0.224143 0.129477 0.965914
0.331337 0.191310 0.923942
0.433006 0.250072 0.866066
0.527139 0.304472 0.793280
0.612280 0.353574 0.707203
0.687037 0.396603 0.608755
0.749947 0.433037 0.499950
0.800034 0.461890 0.382660
0.836440 0.483020 0.258789
0.858646 0.495696 0.130538
0.865945 0.500098 -0.000001
0.858639 0.495634 -0.130557
0.836608 0.482869 -0.258778
0.800036 0.461992 -0.382587
0.750041 0.433053 -0.500089
0.687114 0.396723 -0.608788
0.612468 0.353546 -0.707018
0.527178 0.304365 -0.793413
0.432926 0.250013 -0.866066
0.331485 0.191353 -0.923953
0.224081 0.129354 -0.965939
0.113008 0.065271 -0.991382
0.125979 0.033847 0.991427
0.249912 0.066984 0.965928
0.369735 0.099135 0.923780
0.482997 0.129339 0.866051
0.588070 0.157574 0.793309
0.682918 0.183096 0.707117
0.766230 0.205348 0.608838
0.836481 0.224047 0.499973
0.892323 0.239209 0.382584
0.933089 0.250031 0.258798
0.957619 0.256558 0.130536
0.965894 0.258835 0.000015
0.957610 0.256509 -0.130526
0.932936 0.249978 -0.258809
0.892358 0.239172 -0.382739
0.836481 0.224226 -0.500068
0.766242 0.205374 -0.608672
0.683103 0.183111 -0.707151
0.587939 0.157641 -0.793371
0.483000 0.129436 -0.866053
0.369704 0.099087 -0.923954
0.249930 0.066940 -0.965873
0.126069 0.033847 -0.991445
0.130622 -0.000091 0.991535
0.258845 0.000076 0.965909
0.382683 -0.000090 0.923909
0.499932 -0.000043 0.866010
0.608807 -0.000068 0.793452
0.707150 0.000005 0.707048
0.793361 0.000066 0.608717
0.866074 0.000000 0.500002
0.923870 -0.000084 0.382612
0.965838 0.000021 0.258726
0.991496 0.000050 0.130486
0.999959 -0.000027 -0.000051
0.991487 -0.000088 -0.130514
0.966024 -0.000011 -0.258764
0.923804 -0.000013 -0.382626
0.865932 0.000013 -0.499999
0.793327 -0.000020 -0.608679
0.707154 0.000061 -0.707063
0.608682 0.000075 -0.793352
0.499938 -0.000095 -0.865978
0.382672 0.000045 -0.923963
0.258882 0.000067 -0.965917
0.130488 -0.000061 -0.991373
0.126046 -0.033728 0.991524
0.250077 -0.067057 0.965953
0.369645 -0.098966 0.923889
0.482954 -0.129347 0.866069
0.587939 -0.157555 0.793328
0.683010 -0.182956 0.707192
0.766271 -0.205423 0.608676
0.836611 -0.224045 0.499966
0.892450 -0.239075 0.382634
0.933104 -0.249965 0.258744
0.957727 -0.256617 0.130572
0.965964 -0.258725 -0.000009
0.957704 -0.256664 -0.130611
0.933108 -0.250044 -0.258830
0.892339 -0.239090 -0.382720
0.836610 -0.224134 -0.500095
0.766256 -0.205306 -0.608837
0.682963 -0.182997 -0.707022
0.587974 -0.157580 -0.793317
0.483049 -0.129493 -0.866094
0.369548 -0.099091 -0.923923
0.250049 -0.066923 -0.965936
0.126135 -0.033837 -0.991467
0.113107 -0.065281 0.991489
0.224229 -0.129348 0.965970
0.331359 -0.191344 0.923946
0.432930 -0.249904 0.866125
0.527176 -0.304317 0.793336
0.612459 -0.353509 0.707126
0.687020 -0.396672 0.608810
0.750019 -0.433057 0.499980
0.800147 -0.462018 0.382718
0.836546 -0.483056 0.258838
0.858669 -0.495769 0.130555
0.865990 -0.500075 0.000045
0.858523 -0.495665 -0.130546
0.836458 -0.483046 -0.258825
0.800089 -0.461859 -0.382602
0.749992 -0.432964 -0.499927
0.687044 -0.396581 -0.608845
0.612407 -0.353570 -0.707146
0.527252 -0.304420 -0.793280
0.432960 -0.250048 -0.866045
0.331406 -0.191316 -0.923810
0.224163 -0.129369 -0.965829
0.113107 -0.065277 -0.991521
0.092312 -0.092369 0.991408
0.183056 -0.183005 0.965853
0.270676 -0.270538 0.923878
0.353494 -0.353540 0.866097
0.430486 -0.430433 0.793396
0.499994 -0.499960 0.707008
0.560985 -0.561036 0.608778
0.612445 -0.612329 0.500031
0.653225 -0.653210 0.382633
0.682916 -0.683105 0.258881
0.701107 -0.701015 0.130462
0.707165 -0.707185 0.000079
0.701036 -0.701013 -0.130601
0.682959 -0.682983 -0.258829
0.653281 -0.653317 -0.382705
0.612435 -0.612377 -0.499982
0.561050 -0.560948 -0.608726
0.500100 -0.500051 -0.707078
0.430409 -0.430437 -0.793282
0.353503 -0.353640 -0.865935
0.270660 -0.270625 -0.923797
0.182978 -0.182969 -0.965872
0.092249 -0.092201 -0.991416
0.065192 -0.113107 0.991454
0.129412 -0.224205 0.965973
0.191354 -0.331470 0.923793
0.250073 -0.433091 0.865970
0.304446 -0.527154 0.793368
0.353540 -0.612447 0.707059
0.396690 -0.687053 0.608791
0.432960 -0.750045 0.499928
0.461935 -0.800176 0.382586
0.482870 -0.836454 0.258901
0.495645 -0.858681 0.130478
0.499955 -0.865942 -0.000039
0.495681 -0.858559 -0.130582
0.482912 -0.836469 -0.258734
0.462035 -0.800096 -0.382619
0.433026 -0.750056 -0.500075
0.396700 -0.687074 -0.608726
0.353607 -0.612324 -0.707161
0.304406 -0.527146 -0.793273
0.249991 -0.432992 -0.866006
0.191384 -0.331470 -0.923951
0.129386 -0.224230 -0.965878
0.065217 -0.113086 -0.991529
0.033816 -0.126052 0.991358
0.067014 -0.250051 0.965993
0.099080 -0.369658 0.923872
0.129410 -0.482871 0.865930
0.157577 -0.588082 0.793417
0.182936 -0.683084 0.707148
0.205303 -0.766391 0.608738
0.224078 -0.836458 0.500029
0.239066 -0.892324 0.382707
0.250069 -0.933002 0.258846
0.256637 -0.957642 0.130506
0.258819 -0.965986 -0.000059
0.256639 -0.957618 -0.130465
0.250095 -0.932927 -0.258813
0.239158 -0.892362 -0.382598
0.224146 -0.836552 -0.499900
0.205333 -0.766270 -0.608785
0.183001 -0.682939 -0.707165
0.157657 -0.588019 -0.793315
0.129401 -0.483035 -0.865977
0.099105 -0.369637 -0.923795
0.067014 -0.249918 -0.965873
0.033821 -0.126030 -0.991396
0.000008 -0.130573 0.991467
-0.000033 -0.258895 0.965869
-0.000070 -0.382616 0.923852
0.000045 -0.500019 0.866059
0.000060 -0.608714 0.793395
0.000061 -0.707049 0.707118
-0.000015 -0.793352 0.608733
0.000090 -0.865943 0.500017
-0.000049 -0.923903 0.382619
-0.000098 -0.965976 0.258877
0.000057 -0.991482 0.130494
-0.000073 -0.999963 -0.000086
0.000017 -0.991346 -0.130443
-0.000072 -0.965885 -0.258750
0.000070 -0.923882 -0.382720
-0.000092 -0.866004 -0.499922
0.000036 -0.793299 -0.608737
0.000022 -0.707114 -0.707183
-0.000039 -0.608724 -0.793393
0.000022 -0.500008 -0.865942
0.000024 -0.382755 -0.923879
0.000089 -0.258790 -0.965893
-0.000039 -0.130609 -0.991416
-0.000047 -0.000034 1.000000
-0.033686 -0.126042 0.991401
-0.066905 -0.250040 0.965982
-0.099131 -0.369740 0.923979
-0.129439 -0.482987 0.866057
-0.157509 -0.588004 0.793273
-0.182988 -0.683046 0.707022
-0.205389 -0.766408 0.608708
-0.224070 -0.836595 0.500083
-0.239186 -0.892388 0.382738
-0.250075 -0.933039 0.258759
-0.256684 -0.957661 0.130604
-0.258745 -0.965850 -0.000075
-0.256647 -0.957626 -0.130529
-0.249950 -0.932956 -0.258811
-0.239022 -0.892372 -0.382670
-0.224073 -0.836557 -0.500056
-0.205321 -0.766259 -0.608669
-0.182932 -0.683022 -0.707022
-0.157612 -0.588020 -0.793345
-0.129475 -0.483020 -0.866121
-0.098967 -0.369602 -0.923794
-0.066896 -0.249918 -0.965833
-0.033753 -0.126108 -0.991451
-0.065178 -0.113073 0.991416
-0.129416 -0.224154 0.965959
-0.191437 -0.331426 0.923846
-0.250028 -0.433016 0.866109
-0.304476 -0.527236 0.793302
-0.353640 -0.612308 0.707167
-0.396714 -0.687084 0.608769
-0.432950 -0.749975 0.499921
-0.462032 -0.800119 0.382636
-0.482998 -0.836489 0.258785
-0.495785 -0.858647 0.130435
-0.500093 -0.865996 0.000084
-0.495798 -0.858581 -0.130625
-0.483058 -0.836440 -0.258865
-0.461911 -0.800035 -0.382698
-0.433081 -0.750079 -0.499997
-0.396689 -0.687067 -0.608749
-0.353493 -0.612342 -0.707094
-0.304453 -0.527231 -0.793277
-0.250025 -0.432915 -0.865987
-0.191254 -0.331330 -0.923927
-0.129327 -0.224102 -0.965972
-0.065225 -0.112963 -0.991445
-0.092226 -0.092390 0.991446
-0.182926 -0.183102 0.965989
-0.270536 -0.270578 0.923924
-0.353493 -0.353519 0.866091
-0.430419 -0.430398 0.793364
-0.500003 -0.499928 0.707060
-0.560918 -0.561004 0.608844
-0.612415 -0.612446 0.500011
-0.653200 -0.653349 0.382584
-0.683000 -0.683071 0.258821
-0.700997 -0.701009 0.130552
-0.707188 -0.707074 -0.000022
-0.701130 -0.701041 -0.130475
-0.682920 -0.682917 -0.258878
-0.653235 -0.653190 -0.382739
-0.612296 -0.612354 -0.499923
-0.561044 -0.560892 -0.608665
-0.499987 -0.500018 -0.707050
-0.430384 -0.430449 -0.793432
-0.353517 -0.353474 -0.866058
-0.270659 -0.270650 -0.923926
-0.183045 -0.183055 -0.965910
-0.092363 -0.092371 -0.991490
-0.112965 -0.065228 0.991440
-0.224223 -0.129425 0.965967
-0.331411 -0.191417 0.923847
-0.433059 -0.250005 0.866114
-0.527137 -0.304470 0.793299
-0.612455 -0.353520 0.707009
-0.687151 -0.396729 0.608699
-0.749923 -0.432987 0.499959
-0.800183 -0.461967 0.382782
-0.836506 -0.482909 0.258776
-0.858644 -0.495783 0.130439
-0.865940 -0.500085 -0.000012
-0.858598 -0.495816 -0.130584
-0.836511 -0.482959 -0.258832
-0.800053 -0.461904 -0.382674
-0.750099 -0.432951 -0.500032
-0.687081 -0.396580 -0.608765
-0.612344 -0.353597 -0.707086
-0.527269 -0.304381 -0.793382
-0.433101 -0.249931 -0.866021
-0.331506 -0.191405 -0.923802
-0.224204 -0.129474 -0.965951
-0.113040 -0.065167 -0.991462
-0.000005 -0.000033 -1.000092
-0.126023 -0.033851 0.991348
-0.250061 -0.067048 0.966018
-0.369632 -0.099031 0.923835
-0.483054 -0.129506 0.866073
-0.587948 -0.157489 0.793450
-0.682948 -0.183037 0.707176
-0.766268 -0.205386 0.608753
-0.836434 -0.224198 0.499955
-0.892440 -0.239059 0.382697
-0.933012 -0.249928 0.258758
-0.957563 -0.256526 0.130440
-0.965948 -0.258735 -0.000069
-0.957745 -0.256526 -0.130556
-0.933052 -0.249981 -0.258757
-0.892393 -0.239134 -0.382713
-0.836570 -0.224145 -0.500064
-0.766280 -0.205294 -0.608764
-0.683013 -0.183001 -0.707202
-0.587928 -0.157617 -0.793442
-0.483016 -0.129504 -0.866110
-0.369562 -0.099026 -0.923840
-0.249991 -0.067080 -0.965996
-0.126116 -0.033875 -0.991386
-0.130619 -0.000058 0.991529
-0.258834 0.000074 0.965852
-0.382590 0.000046 0.923940
-0.499993 0.000006 0.866037
-0.608775 0.000028 0.793401
-0.707077 -0.000042 0.707131
-0.793328 -0.000092 0.608829
-0.865980 0.000046 0.500092
-0.923829 0.000033 0.382725
-0.965887 -0.000072 0.258905
-0.991536 0.000004 0.130502
-1.000050 -0.000036 -0.000068
-0.991448 -0.000014 -0.130537
-0.965856 0.000045 -0.258857
-0.923816 0.000041 -0.382598
-0.866022 -0.000081 -0.499962
-0.793328 -0.000074 -0.608768
-0.707100 0.000021 -0.707161
-0.608809 -0.000005 -0.793452
-0.499933 0.000019 -0.866104
-0.382590 0.000092 -0.923972
-0.258870 -0.000098 -0.965858
-0.130523 -0.000076 -0.991488
-0.126148 0.033797 0.991441
-0.250039 0.067011 0.965868
-0.369612 0.099084 0.923926
-0.483055 0.129458 0.865955
-0.588001 0.157539 0.793444
-0.683075 0.183072 0.707119
-0.766308 0.205271 0.608712
-0.836539 0.224119 0.500027
-0.892412 0.239073 0.382638
-0.932995 0.250001 0.258784
-0.957581 0.256518 0.130602
-0.965913 0.258865 -0.000028
-0.957689 0.256643 -0.130546
-0.932993 0.249993 -0.258790
-0.892339 0.239060 -0.382783
-0.836529 0.224121 -0.499998
-0.766272 0.205314 -0.608680
-0.682919 0.182993 -0.707057
-0.587923 0.157514 -0.793288
-0.482949 0.129444 -0.866076
-0.369700 0.099075 -0.923956
-0.249943 0.066954 -0.965919
-0.126170 0.033831 -0.991370
-0.112942 0.065298 0.991524
-0.224165 0.129485 0.965984
-0.331495 0.191397 0.923878
-0.432987 0.249918 0.866066
-0.527279 0.304357 0.793439
-0.612293 0.353550 0.707008
-0.687019 0.396634 0.608731
-0.749968 0.432952 0.499977
-0.800060 0.461849 0.382769
-0.836574 0.483013 0.258734
-0.858593 0.495756 0.130547
-0.865952 0.499976 -0.000077
-0.858581 0.495792 -0.130478
-0.836597 0.483020 -0.258753
-0.800159 0.461870 -0.382646
-0.749909 0.433042 -0.499941
-0.686992 0.396712 -0.608700
-0.612411 0.353490 -0.707113
-0.527277 0.304467 -0.793274
-0.432982 0.250099 -0.866109
-0.331345 0.191300 -0.923794
-0.224079 0.129377 -0.965845
-0.113126 0.065290 -0.991444
-0.092200 0.092320 0.991411
-0.182971 0.183041 0.965926
-0.270509 0.270642 0.923786
-0.353551 0.353490 0.866005
-0.430407 0.430543 0.793336
-0.500039 0.500036 0.707112
-0.560903 0.561078 0.608822
-0.612357 0.612311 0.499977
-0.653344 0.653306 0.382663
-0.682974 0.683069 0.258791
-0.701058 0.701093 0.130544
-0.707193 0.707141 0.000089
-0.701133 0.700979 -0.130587
-0.683065 0.683074 -0.258798
-0.653192 0.653267 -0.382740
-0.612405 0.612350 -0.499999
-0.561067 0.561060 -0.608758
-0.500063 0.500044 -0.707138
-0.430447 0.430445 -0.793389
-0.353592 0.353514 -0.866032
-0.270594 0.270612 -0.923780
-0.183062 0.183039 -0.966021
-0.092225 0.092348 -0.991436
-0.065283 0.113012 0.991451
-0.129356 0.224212 0.965922
-0.191268 0.331455 0.923977
-0.250072 0.433096 0.866125
-0.304416 0.527284 0.793403
-0.353584 0.612458 0.707135
-0.396776 0.687044 0.608674
-0.433028 0.749943 0.500095
-0.461872 0.800084 0.382651
-0.482981 0.836606 0.258768
-0.495639 0.858547 0.130476
-0.500002 0.865982 -0.000051
-0.495763 0.858632 -0.130596
-0.482944 0.836451 -0.258727
-0.462003 0.800004 -0.382611
-0.433012 0.749938 -0.499938
-0.396711 0.687008 -0.608804
-0.353629 0.612464 -0.707038
-0.304415 0.527112 -0.793426
-0.249901 0.432940 -0.866080
-0.191349 0.331324 -0.923889
-0.129399 0.224070 -0.966014
-0.065257 0.112944 -0.991507
-0.033781 0.126072 0.991471
-0.066906 0.250085 0.965991
-0.099054 0.369696 0.923880
-0.129317 0.482969 0.866029
-0.157466 0.587969 0.793405
-0.182931 0.683074 0.707142
-0.205252 0.766324 0.608662
-0.224109 0.836595 0.500009
-0.239055 0.892481 0.382681
-0.249982 0.933073 0.258873
-0.256538 0.957712 0.130620
-0.258861 0.965993 -0.000091
-0.256565 0.957665 -0.130512
-0.250081 0.933037 -0.258798
-0.239186 0.892459 -0.382721
-0.224112 0.836447 -0.500034
-0.205303 0.766241 -0.608782
-0.183009 0.683053 -0.707015
-0.157625 0.587933 -0.793453
-0.129491 0.483038 -0.865929
-0.099088 0.369729 -0.923959
-0.066961 0.249960 -0.966024
-0.033710 0.126076 -0.991394
-0.000053 0.130426 0.991485
0.000017 0.258863 0.966023
0.000093 0.382736 0.923931
-0.000098 0.499905 0.866111
-0.000068 0.608757 0.793449
-0.000088 0.707156 0.707060
0.000037 0.793286 0.608817
-0.000093 0.991523 0.130559
-0.000008 0.991393 -0.130430
-0.000099 0.793295 -0.608711
0.000082 0.608806 -0.793380
-0.000018 0.499987 -0.865983
-0.000018 0.382592 -0.923821
0.000069 0.258744 -0.965921
-0.000060 0.130459 -0.991353
-0.600119 -0.200015 -0.199967
-0.600119 -0.200015 0.199870
-0.600119 0.200178 -0.200081
-0.600119 0.200178 0.200028
-0.200023 -0.599864 -0.200041
-0.200023 -0.599864 0.199953
-0.200023 -0.199902 -0.599975
-0.200023 -0.199902 -0.199988
-0.200023 -0.199902 0.199981
-0.200023 -0.199902 0.600014
-0.200023 0.200121 -0.600000
-0.200023 0.200121 -0.200036
-0.200023 0.200121 0.200059
-0.200023 0.200121 0.599928
-0.200023 0.600146 -0.199995
-0.200023 0.600146 0.199932
0.199906 -0.599970 -0.200014
0.199906 -0.599970 0.199999
0.199906 -0.199980 -0.600091
0.199906 -0.199980 -0.200110
0.199906 -0.199980 0.200018
0.199906 -0.199980 0.600080
0.199906 0.200022 -0.599992
0.199906 0.200022 -0.200002
0.199906 0.200022 0.199865
0.199906 0.200022 0.600075
0.199906 0.600082 -0.200154
0.199906 0.600082 0.200011
0.600063 -0.199924 -0.200076
0.600063 -0.199924 0.199995
0.600063 0.200098 -0.200025
0.600063 0.200098 0.200013

TETRAHEDRA
567 563 562 574
382 381 358 563
542 11 10 579
546 3 18 581
456 433 434 557
523 500 501 569
524 1 0 569
546 526 3 569
16 1 2 581
559 290 266 563
285 284 261 563
529 5 4 568
547 20 19 580
578 577 568 581
262 257 253 263
379 378 355 563
356 355 333 563
571 202 203 583
558 319 296 559
556 485 484 568
250 249 226 570
45 22 23 580
262 261 238 575
261 238 239 262
384 383 359 555
40 17 18 581
575 563 284 579
544 13 12 579
499 476 477 569
579 574 578 585
34 11 12 579
542 519 520 567
34 33 10 579
456 455 433 557
564 486 556 565
560 421 420 564
571 570 559 574
562 559 561 574
567 540 539 579
17 16 2 581
16 0 1 581
557 479 478 569
19 18 3 581
557 429 406 567
37 14 15 581
558 555 342 559
474 473 451 567
547 19 3 580
44 21 22 580
39 38 16 581
581 65 64 585
555 406 383 563
557 556 481 569
43 19 20 580
22 21 4 580
42 18 19 581
22 4 5 580
554 342 343 558
556 412 555 557
556 481 458 557
567 539 284 579
554 343 344 558
23 22 5 580
23 5 6 580
568 548 6 580
46 45 23 580
555 341 342 559
548 6 531 568
58 34 35 579
25 24 7 580
559 338 337 562
563 264 265 575
549 26 7 576
50 26 27 576
555 337 338 562
490 489 467 564
452 451 428 567
551 27 550 576
37 13 14 581
557 477 476 566
576 560 573 577
558 273 274 570
555 339 340 559
535 512 513 564
50 49 26 576
561 559 558 574
555 338 339 559
566 476 557 567
452 429 430 557
32 31 9 579
59 58 36 579
552 30 29 576
129 128 106 585
55 54 32 579
509 508 486 568
36 12 13 579
567 541 540 579
73 50 51 74
514 491 492 564
424 284 401 567
58 35 36 579
35 34 12 579
58 57 34 579
566 557 562 567
554 417 416 556
38 15 16 581
63 40 41 581
60 59 37 579
574 566 567 579
334 310 311 563
57 56 34 579
61 38 39 581
38 37 15 581
555 407 406 557
41 40 18 581
584 578 583 585
40 39 16 581
63 39 40 581
556 458 435 557
564 553 552 576
289 264 265 563
45 44 22 580
556 435 412 557
354 284 331 563
43 42 19 580
562 337 559 563
566 565 557 569
560 282 283 572
424 401 402 567
105 81 82 579
66 43 44 580
47 46 24 580
576 70 47 580
69 45 46 580
46 23 24 580
48 47 24 580
26 25 7 576
72 49 50 576
48 45 32 54
533 509 510 568
48 25 26 576
49 48 26 576
564 377 553 576
284 8 31 579
56 32 33 579
470 284 447 567
52 45 39 54
573 572 560 576
50 48 32 54
562 555 337 563
557 555 556 565
577 561 573 578
50 27 28 576
551 29 28 576
51 50 28 576
574 571 198 575
284 54 77 579
54 50 48 55
52 49 45 54
557 453 452 567
100 77 78 579
566 562 565 578
570 204 205 582
582 135 136 584
520 497 498 567
31 8 9 579
284 31 54 579
483 482 460 556
494 470 471 567
53 29 30 576
378 354 355 563
354 331 332 563
69 46 47 580
54 48 45 55
565 555 562 566
577 568 565 578
560 419 418 564
569 546 2 581
576 94 93 584
582 578 574 583
539 9 8 579
479 478 455 557
83 59 60 579
37 36 13 581
36 35 12 579
94 70 71 576
81 57 58 579
56 33 34 579
59 36 37 579
81 58 59 579
80 56 57 579
103 80 81 579
79 78 56 579
554 415 414 556
562 557 555 563
62 61 39 581
61 37 38 581
554 413 412 556
556 554 418 560
61 60 37 581
556 486 485 565
64 63 41 581
555 412 411 557
64 41 42 581
91 68 69 584
555 554 412 556
85 62 63 585
56 55 32 579
93 92 69 584
88 64 65 585
65 64 42 581
564 560 377 576
78 77 54 579
66 65 42 580
66 42 43 580
67 44 45 580
67 66 44 580
72 48 49 576
91 67 68 584
584 583 134 585
573 561 558 574
96 73 74 576
74 51 52 576
121 97 98 576
71 70 48 576
70 47 48 576
559 266 267 571
72 71 48 576
559 558 555 561
572 570 208 573
70 69 47 580
73 72 50 576
561 560 556 565
577 573 576 582
94 71 72 576
53 52 29 576
569 566 565 578
554 346 347 561
574 559 571 575
564 552 551 576
564 551 550 576
582 136 137 584
52 51 28 576
551 28 27 576
98 74 75 576
76 75 53 576
583 133 134 585
560 347 558 561
564 550 549 576
565 560 564 576
377 122 99 576
377 99 76 576
560 281 282 572
88 65 66 584
284 77 100 579
553 30 552 576
102 78 79 579
78 55 56 579
377 145 122 576
559 555 338 562
80 79 56 579
571 266 243 575
253 230 231 570
118 117 94 576
82 81 59 579
575 198 574 583
101 100 78 579
52 28 29 576
83 82 59 579
103 102 80 579
105 104 81 579
490 467 468 564
85 84 61 585
560 420 419 564
84 83 61 585
555 408 407 557
554 414 413 556
554 418 417 556
152 128 129 583
554 344 345 558
558 347 346 561
560 283 377 572
194 171 172 575
69 68 45 580
86 85 63 585
86 63 64 585
87 86 64 585
554 416 415 556
570 226 203 571
108 107 84 585
156 132 133 583
110 109 86 585
582 140 576 584
576 93 70 584
577 576 70 584
106 105 83 585
44 43 20 580
90 89 67 584
113 90 91 584
552 29 551 576
129 106 107 585
98 90 89 100
94 92 90 102
102 101 78 579
127 126 104 579
575 574 563 579
89 66 67 584
561 555 559 562
92 91 69 584
118 94 95 576
122 121 99 576
94 93 70 576
93 69 70 584
116 93 94 584
105 82 83 585
98 83 79 100
116 92 93 584
140 116 117 584
564 549 7 576
95 94 72 576
95 72 73 576
542 541 518 567
118 95 96 576
99 98 79 101
97 96 74 576
99 98 89 100
115 91 92 584
189 165 166 572
262 238 239 575
246 245 222 571
119 118 96 576
563 559 562 574
99 98 76 576
75 52 53 576
75 74 52 576
156 155 132 583
102 79 80 579
81 80 57 579
552 551 537 564
117 116 94 584
99 79 78 101
125 102 103 126
107 106 83 585
555 383 359 563
582 134 135 584
143 142 120 576
583 582 578 584
560 554 347 561
142 119 120 576
243 242 220 575
78 54 55 579
126 102 103 579
559 313 290 563
128 104 105 579
555 409 408 557
581 580 65 584
148 124 125 575
126 103 104 579
116 102 100 238
108 84 85 585
132 109 110 585
128 105 106 585
150 126 127 575
132 108 109 585
110 86 87 585
108 85 86 585
109 108 86 585
137 136 113 584
563 261 262 575
577 70 69 584
111 88 89 584
111 87 88 585
570 203 204 582
563 557 406 567
112 111 89 584
134 110 111 585
88 87 64 585
91 90 67 584
134 111 112 584
180 179 156 583
113 89 90 584
113 112 89 584
150 127 128 575
115 114 91 584
114 113 91 584
132 131 108 585
568 7 548 580
574 199 571 583
574 573 561 578
163 139 140 582
159 136 137 582
98 97 74 576
142 118 119 576
162 161 138 582
121 98 99 576
140 117 118 576
74 50 51 576
120 96 97 576
120 119 96 576
121 116 100 238
214 190 191 572
377 76 53 576
137 113 114 584
172 148 149 575
138 115 116 584
124 101 102 579
265 242 243 575
145 121 122 576
125 124 102 579
260 236 237 572
560 556 554 561
555 340 341 559
433 432 410 557
570 272 249 571
104 103 81 579
557 406 555 563
562 561 555 565
563 405 404 567
194 193 171 575
582 203 180 583
121 120 97 576
554 370 371 560
128 127 104 579
152 129 130 583
130 129 107 585
131 107 108 585
219 218 196 575
580 65 42 581
131 130 107 585
284 146 169 575
556 555 554 565
138 114 115 584
116 115 92 584
133 132 110 585
154 131 132 583
153 130 131 583
134 133 110 585
135 134 112 584
158 157 135 582
164 163 141 572
554 345 346 558
578 61 60 585
193 170 171 575
166 142 143 572
581 62 61 585
136 112 113 584
159 135 136 582
124 100 101 579
192 190 187 193
48 24 25 580
155 154 132 583
560 280 281 572
138 137 114 584
160 137 138 582
139 138 116 584
550 549 534 564
140 139 116 584
141 140 118 576
163 140 141 572
161 160 138 582
143 120 121 576
570 232 255 572
142 141 118 576
205 181 182 582
190 167 168 572
189 188 165 572
177 176 154 583
377 283 260 572
166 143 144 572
583 134 582 584
124 123 100 579
284 123 146 575
148 147 124 575
126 125 102 579
150 149 126 575
148 125 126 575
149 148 126 575
172 149 150 575
559 314 313 563
575 284 123 579
44 20 21 580
151 150 128 575
152 151 128 583
556 418 441 564
575 174 175 583
168 150 146 192
174 150 151 575
576 117 94 584
558 554 555 561
180 156 157 583
154 153 131 583
570 207 208 573
181 157 158 582
181 158 159 582
582 157 134 583
157 133 134 583
176 152 153 583
176 175 152 583
167 166 144 572
157 156 133 583
570 558 559 574
157 134 135 582
182 181 159 582
160 159 137 582
159 158 135 582
166 150 147 192
162 138 139 582
178 154 155 583
163 162 139 582
572 208 185 582
572 141 142 576
153 152 130 583
164 141 142 572
163 150 147 192
197 173 174 575
203 202 180 583
184 160 161 582
165 164 142 572
164 142 141 165
144 143 121 576
145 144 121 576
184 161 162 582
166 164 150 192
190 166 167 572
167 144 145 572
173 172 150 575
168 167 163 183
168 163 150 192
539 8 284 579
166 163 147 192
176 153 154 583
174 151 152 583
147 146 124 575
146 123 124 575
284 169 192 575
192 169 170 575
567 542 541 579
173 164 166 192
169 146 147 575
553 377 30 576
170 169 147 575
193 192 170 575
283 282 259 572
171 170 148 575
172 171 148 575
170 147 148 575
558 276 277 570
571 203 570 583
238 215 216 575
195 194 172 575
175 174 152 583
174 173 150 575
255 245 243 261
181 163 168 192
173 166 164 179
202 201 178 583
577 576 565 580
576 573 572 582
181 180 157 582
179 155 156 583
168 167 145 572
200 176 177 583
284 192 215 575
564 556 560 565
179 178 155 583
560 278 279 572
579 60 83 585
89 88 66 584
584 134 111 585
579 575 574 583
570 208 231 572
377 191 168 572
183 159 160 582
565 561 560 577
197 174 175 575
563 401 284 567
202 179 180 583
189 187 181 197
574 571 570 583
579 60 578 581
574 561 562 578
250 226 227 570
181 168 163 183
205 182 183 582
559 270 271 571
184 183 160 582
201 200 178 583
210 186 187 572
559 268 269 571
185 162 163 582
190 189 181 197
186 185 163 582
299 274 275 558
572 558 570 573
570 278 558 572
187 163 164 572
208 184 185 582
572 163 140 582
188 187 164 572
166 165 142 572
276 275 253 570
190 189 166 572
570 231 232 572
567 543 542 579
233 210 211 572
554 395 418 560
550 27 26 576
241 217 218 575
193 189 187 197
213 200 192 238
193 190 187 197
193 190 189 197
571 559 266 575
193 192 190 238
217 193 194 575
195 172 173 575
196 195 173 575
218 195 196 575
216 193 194 217
217 194 195 575
196 173 174 197
198 197 175 575
199 175 176 583
200 177 178 583
226 225 202 571
222 198 199 571
214 200 193 238
200 199 176 583
563 562 557 567
564 533 510 568
197 193 190 226
561 558 560 573
178 177 154 583
204 203 180 582
202 178 179 583
183 182 159 582
207 206 183 582
204 180 181 582
224 201 202 571
136 135 112 584
226 203 204 570
224 200 201 571
207 183 184 582
210 209 186 572
229 228 205 570
253 252 230 570
206 205 183 582
208 207 184 582
284 100 123 579
227 226 204 570
558 272 273 570
573 570 207 582
209 185 186 572
267 266 244 571
294 269 270 559
289 288 264 563
232 209 210 572
274 273 251 570
251 250 227 570
209 208 185 572
570 559 272 571
210 187 188 572
211 210 188 572
559 271 272 571
216 192 193 575
295 294 270 559
252 228 229 570
234 211 212 572
563 266 559 575
214 213 190 572
213 190 191 214
212 189 190 572
212 188 189 572
384 360 361 555
213 212 190 572
377 214 191 572
191 190 168 572
40 16 17 581
377 168 145 572
217 216 193 575
575 128 151 583
214 213 192 238
98 75 76 576
284 215 238 575
309 285 286 563
83 60 61 585
565 562 561 578
197 196 173 575
554 347 370 560
570 249 226 571
356 333 334 563
554 371 395 560
561 554 555 565
576 565 560 577
222 199 200 571
241 218 219 575
219 196 197 575
220 219 197 575
240 217 218 241
576 25 7 580
560 279 280 572
578 566 574 579
221 220 197 575
221 197 198 575
218 217 195 575
223 222 200 571
205 204 181 582
226 202 203 571
427 426 403 567
258 254 245 265
351 350 327 560
266 243 244 571
574 570 573 582
261 255 245 262
244 220 221 571
246 223 224 571
225 224 202 571
582 570 203 583
248 225 226 571
232 208 209 572
228 204 205 570
564 510 509 568
280 256 257 572
566 557 477 569
228 227 204 570
566 477 476 569
567 566 476 569
231 230 207 570
240 239 217 575
258 241 238 344
234 233 211 572
230 229 207 570
231 207 208 570
229 206 207 570
229 205 206 570
255 232 233 572
257 234 235 258
301 300 276 558
187 186 163 572
233 232 210 572
578 574 573 582
232 231 208 572
236 213 214 572
296 272 273 558
258 254 241 268
235 234 212 572
257 233 234 572
241 219 218 242
216 215 192 575
571 243 220 575
244 243 220 571
237 236 214 572
381 357 358 563
242 219 220 575
242 241 219 575
245 244 221 571
559 269 270 571
245 221 222 571
248 224 225 571
580 577 69 584
252 251 228 570
271 247 248 571
573 208 572 582
327 304 305 560
273 250 251 570
268 244 245 571
254 253 245 265
273 272 249 570
248 247 224 571
247 246 224 571
558 277 278 570
251 227 228 570
277 253 254 570
272 271 248 571
249 248 226 571
582 138 139 584
573 560 561 577
255 231 232 570
212 211 188 572
545 14 13 581
268 245 246 571
558 275 276 570
252 229 230 570
560 558 278 572
275 274 252 570
254 253 231 570
257 255 253 263
567 498 521 569
335 334 311 563
254 246 241 268
275 252 253 570
277 254 255 570
255 254 231 570
258 234 235 572
258 257 234 572
558 274 275 570
265 241 242 575
257 253 243 261
257 256 233 572
236 212 213 572
575 175 198 583
236 235 212 572
282 258 259 572
573 207 208 582
259 258 236 572
579 82 105 585
306 282 283 560
556 484 483 568
259 258 238 301
285 262 261 286
583 579 128 585
260 259 236 572
259 236 237 260
262 255 245 263
74 73 50 576
255 253 245 263
261 257 253 262
287 286 263 563
241 240 217 575
239 238 216 575
239 216 217 575
262 239 240 575
284 238 261 575
477 476 453 557
263 262 240 575
263 240 241 575
264 263 241 575
263 241 240 264
569 568 3 581
266 265 243 575
309 308 285 563
501 477 478 569
290 266 267 559
310 309 286 563
288 263 264 563
559 267 268 571
268 267 244 571
363 339 340 555
563 263 264 575
583 574 579 585
576 564 565 580
271 270 247 571
333 309 310 563
256 255 233 572
270 246 247 571
270 269 246 571
410 409 386 555
559 272 558 570
296 271 272 559
269 268 246 571
582 180 157 583
564 7 533 568
273 249 250 570
274 251 252 570
279 278 255 572
570 255 278 572
558 278 302 560
568 3 527 569
299 275 276 558
311 310 288 563
277 276 253 570
306 305 282 560
299 298 274 558
567 521 544 569
301 276 277 558
280 279 256 572
302 277 278 558
302 278 279 560
330 306 307 560
279 255 256 572
278 277 255 570
280 257 258 572
280 258 257 281
310 286 287 563
281 280 258 572
567 544 543 579
558 325 324 560
283 259 260 572
578 60 61 581
304 280 281 305
434 410 411 557
361 338 339 555
265 264 241 575
291 290 267 559
188 164 165 572
199 198 175 583
315 292 293 559
337 336 314 563
301 241 258 344
331 284 308 563
18 17 2 581
412 411 388 555
290 289 266 563
294 293 269 559
314 290 291 559
185 184 162 582
578 568 569 581
336 335 312 563
246 222 223 571
293 292 268 559
291 267 268 559
315 291 292 559
292 291 268 559
568 481 556 569
272 248 249 571
332 308 309 563
334 333 310 563
293 268 269 559
317 294 295 559
499 475 476 567
339 315 316 559
296 295 271 559
558 296 272 559
295 270 271 559
258 235 236 572
297 296 273 558
373 372 349 560
320 297 298 558
402 378 379 563
582 576 577 584
305 280 281 560
302 301 277 558
322 298 299 558
581 63 62 585
377 330 307 560
323 322 300 558
298 273 274 558
300 299 276 558
346 322 323 558
581 577 580 584
322 299 300 558
420 396 397 560
327 303 304 560
303 279 280 560
305 281 282 560
581 64 63 585
565 486 485 568
304 303 280 560
282 281 258 572
583 128 129 585
352 328 329 560
377 307 283 560
377 237 214 572
68 67 45 580
355 354 332 563
286 262 263 563
286 285 262 563
579 36 37 581
288 287 263 563
312 311 289 563
311 288 289 563
85 61 62 585
336 313 314 563
313 312 289 563
42 41 18 581
575 126 127 579
313 289 290 563
554 389 365 555
314 313 290 559
317 316 293 559
317 293 294 559
577 565 561 578
582 577 578 584
333 332 309 563
339 316 317 559
361 337 338 555
358 335 336 563
368 345 346 554
316 315 293 559
319 318 296 559
341 318 319 559
318 317 295 559
575 125 126 579
318 295 296 559
341 317 318 559
343 319 320 558
359 358 336 563
321 320 298 558
320 319 296 558
344 320 321 558
322 321 298 558
324 323 301 558
323 300 301 558
357 356 334 563
347 324 325 560
344 321 322 558
580 69 68 584
325 302 303 560
558 302 325 560
305 304 280 560
581 61 578 585
325 301 302 558
341 340 317 559
374 350 351 560
327 305 304 328
329 328 306 560
326 325 303 560
307 306 283 560
377 260 237 572
377 53 30 576
556 483 482 568
563 406 405 567
332 331 308 563
355 332 333 563
310 287 288 563
336 312 313 563
335 311 312 563
315 314 291 559
303 302 279 560
327 326 303 560
555 342 554 558
556 482 481 568
339 338 315 559
337 314 315 559
380 356 357 563
338 337 315 559
224 223 200 571
346 323 324 558
365 342 343 554
383 358 359 563
338 315 316 339
575 127 128 579
340 339 317 559
344 343 320 558
363 340 341 555
580 68 67 584
584 581 578 585
348 325 326 560
363 362 339 555
343 342 319 558
342 341 319 559
365 341 342 555
301 238 259 344
579 13 36 581
579 37 60 581
349 348 326 560
325 324 301 558
568 4 547 580
346 345 322 558
345 344 322 558
298 297 273 558
368 344 345 554
320 296 297 558
347 346 324 558
579 578 566 581
348 347 325 560
350 349 327 560
349 326 327 560
330 329 306 560
579 566 567 581
558 324 347 560
374 351 352 560
351 327 328 560
328 327 305 560
374 373 350 560
400 376 377 560
381 380 357 563
308 284 285 563
222 221 198 571
567 476 499 569
446 423 377 564
358 334 335 563
415 414 391 554
361 360 337 555
402 379 380 563
360 359 336 563
360 336 337 563
427 404 405 567
365 364 341 555
358 357 334 563
285 261 262 563
568 5 4 580
386 362 363 555
362 361 339 555
364 363 341 555
577 69 70 580
368 367 344 554
388 364 365 555
565 556 557 569
391 366 367 554
371 348 349 560
367 366 344 554
366 343 344 554
568 547 3 580
580 3 568 581
577 70 576 580
398 373 374 560
565 485 556 568
352 351 328 560
369 368 346 554
370 346 347 554
569 3 546 581
546 2 526 569
371 370 347 560
396 371 372 560
372 371 349 560
431 430 408 557
394 393 369 554
373 349 350 560
328 305 306 560
352 329 330 560
569 0 545 581
580 568 577 581
477 454 455 557
353 352 330 560
375 374 352 560
442 419 420 564
397 396 373 560
394 370 371 554
398 374 375 560
377 353 330 560
402 401 378 563
385 384 361 555
404 381 382 563
406 383 384 555
366 365 343 554
430 406 407 557
555 359 360 563
409 385 386 555
542 12 11 579
409 408 385 555
560 422 421 564
427 403 404 567
387 386 363 555
385 361 362 555
554 412 389 555
388 363 364 555
568 556 565 569
388 387 363 555
394 369 370 554
554 365 342 555
580 66 65 584
580 67 66 584
576 48 25 580
391 367 368 554
390 389 366 554
571 199 200 583
391 390 366 554
389 365 366 554
413 412 389 554
574 567 563 579
522 499 500 569
415 391 392 554
389 388 365 555
569 567 566 581
396 372 373 560
557 481 480 569
398 397 373 560
439 415 416 556
392 368 369 554
416 392 393 554
416 393 394 554
422 399 400 560
395 394 371 554
376 375 352 560
574 198 199 583
418 395 396 560
569 2 1 581
569 1 0 581
371 347 348 560
572 145 377 576
399 398 375 560
422 398 399 560
453 452 430 557
386 385 362 555
473 472 450 567
404 380 381 563
403 402 380 563
425 424 402 567
380 379 355 563
63 62 39 581
380 355 356 563
383 382 358 563
406 382 383 563
405 404 382 563
384 359 360 555
407 384 385 555
414 413 391 554
413 390 391 554
410 387 388 555
410 386 387 555
431 408 409 557
454 431 432 557
432 431 409 557
411 410 388 555
434 411 412 557
576 140 117 584
412 388 389 555
525 501 502 569
432 409 410 557
572 142 143 576
413 389 390 554
392 391 368 554
576 47 48 580
455 432 433 557
420 419 396 560
580 42 19 581
563 284 261 575
575 123 124 579
576 7 564 580
441 417 418 556
420 397 398 560
417 416 394 554
416 415 392 554
454 430 431 557
579 567 544 581
436 435 413 556
418 417 394 554
419 418 396 560
467 444 445 564
445 421 422 564
467 466 443 564
421 420 398 560
468 467 445 564
548 24 6 580
400 375 376 560
400 399 375 560
444 443 421 564
423 400 377 560
401 284 378 563
563 403 402 567
428 427 405 567
378 284 354 563
426 425 402 567
449 425 426 567
426 402 403 567
404 403 380 563
568 504 481 569
450 426 427 567
429 428 406 567
452 428 429 567
428 405 406 567
406 405 382 563
408 407 385 555
446 422 423 564
555 411 410 557
407 406 384 555
454 453 430 557
455 454 432 557
581 578 577 584
555 410 409 557
582 574 570 583
430 407 408 557
572 377 560 576
438 437 415 556
541 540 517 567
464 463 441 556
440 416 417 556
458 435 436 556
437 414 415 556
435 434 412 557
435 412 413 556
458 457 434 557
437 436 413 556
437 413 414 556
462 438 439 556
480 457 458 557
458 434 435 557
482 481 458 556
439 438 415 556
442 418 419 564
580 19 3 581
462 439 440 556
462 461 438 556
508 484 485 568
557 480 479 569
468 445 446 564
441 440 417 556
578 573 577 582
582 139 140 584
565 557 555 566
393 392 369 554
442 441 418 564
563 262 263 575
96 95 73 576
583 132 133 585
422 421 398 560
443 442 420 564
467 443 444 564
584 65 581 585
579 105 128 585
489 466 467 564
446 445 422 564
423 422 400 560
492 468 469 564
583 129 130 585
448 424 425 567
447 284 424 567
107 83 84 585
448 447 424 567
472 449 450 567
451 450 427 567
471 470 448 567
558 342 319 559
557 452 429 567
451 427 428 567
474 451 452 567
575 151 174 583
430 429 406 557
560 423 422 564
503 502 479 569
560 418 556 564
457 456 434 557
479 455 456 557
478 477 455 557
434 433 410 557
480 479 457 557
572 185 186 582
459 458 436 556
576 572 140 582
484 460 461 556
460 459 437 556
461 437 438 556
459 436 437 556
440 439 416 556
484 483 460 556
463 462 440 556
463 440 441 556
376 352 353 560
579 83 82 585
466 442 443 564
464 441 442 564
465 464 442 564
466 465 442 564
443 420 421 564
445 444 421 564
583 130 131 585
583 131 132 585
492 469 377 564
449 448 425 567
470 447 448 567
450 449 426 567
519 496 497 567
472 448 449 567
558 346 554 561
567 499 498 569
579 128 575 583
472 471 448 567
498 497 474 567
473 450 451 567
563 402 401 567
521 520 498 567
476 475 452 567
477 453 454 557
555 360 337 563
479 456 457 557
520 519 497 567
475 474 452 567
476 452 453 567
500 499 477 569
570 206 207 582
501 478 479 569
502 501 479 569
504 503 481 569
461 460 437 556
484 461 462 556
481 480 458 557
503 479 480 569
503 480 481 569
482 459 460 556
572 140 141 576
506 505 482 568
508 507 484 568
482 458 459 556
557 476 453 567
571 221 198 575
556 441 464 564
485 462 463 556
509 486 487 564
510 509 487 564
486 485 463 556
536 535 513 564
584 88 65 585
572 560 558 573
487 464 465 564
487 463 464 564
418 394 395 554
489 465 466 564
489 488 465 564
553 552 538 564
370 369 346 554
490 468 467 491
551 535 536 564
469 468 446 564
469 446 377 564
567 562 566 574
54 31 32 579
495 494 472 567
494 471 472 567
494 493 470 567
516 493 494 567
540 539 516 567
494 472 471 495
518 517 494 567
496 495 472 567
497 496 473 567
522 521 498 569
496 472 473 567
569 565 568 578
544 520 521 567
497 473 474 567
498 474 475 567
519 495 496 567
569 545 544 581
569 544 567 581
565 564 486 568
570 205 206 582
506 482 483 568
523 522 500 569
501 500 477 569
21 20 4 580
525 502 503 569
523 0 522 569
572 144 145 576
564 509 486 568
524 0 523 569
526 525 503 569
506 483 484 568
504 481 482 568
505 504 482 568
528 505 506 568
571 198 199 574
556 463 486 564
531 5 530 568
572 143 144 576
528 504 505 568
571 200 201 583
507 506 484 568
396 395 371 560
488 487 465 564
485 484 462 556
487 486 463 564
548 532 7 568
512 511 489 564
508 485 486 568
568 564 7 580
510 487 488 564
533 7 532 568
512 489 490 564
511 510 488 564
533 510 511 564
511 488 489 564
556 464 463 564
535 534 511 564
513 512 490 564
579 578 60 585
551 550 535 564
491 490 468 564
538 514 515 564
492 491 468 564
552 537 538 564
514 513 490 564
514 490 491 564
515 492 377 564
517 516 494 567
516 284 493 567
493 284 470 567
575 124 125 579
34 10 11 579
557 478 477 569
541 10 9 579
518 494 495 567
519 518 495 567
499 498 475 567
522 498 499 569
544 521 522 569
545 544 522 569
524 523 501 569
560 377 423 564
582 137 138 584
545 15 14 581
16 15 0 581
524 2 1 569
568 565 564 580
526 2 525 569
525 524 501 569
525 2 524 569
563 404 403 567
568 527 504 569
546 18 2 581
571 220 221 575
528 527 504 568
529 528 506 568
527 503 504 569
527 3 526 569
527 526 503 569
530 5 529 568
531 507 508 568
530 529 507 568
529 506 507 568
531 530 507 568
377 376 353 560
532 531 508 568
533 532 509 568
572 186 163 582
531 6 5 568
532 508 509 568
584 111 88 585
111 110 87 585
534 7 533 564
535 511 512 564
550 535 536 551
550 26 549 576
534 533 511 564
515 514 492 564
537 513 514 564
537 536 513 564
538 537 514 564
538 515 377 564
553 538 377 564
551 536 537 564
540 9 539 579
567 284 563 579
539 284 516 567
579 544 13 581
540 516 517 567
542 518 519 567
541 517 518 567
541 9 540 579
544 543 520 567
544 12 543 579
542 10 541 579
543 12 542 579
543 542 520 567
563 265 266 575
559 337 314 563
545 522 0 569
545 0 15 581
545 13 544 581
547 528 529 568
547 529 4 568
547 3 528 568
528 3 527 568
571 201 202 583
547 4 20 580
573 558 570 574
574 563 559 575
548 7 24 580
568 6 5 580
24 23 6 580
548 531 532 568
550 534 535 564
549 7 534 564

# Valid tetrahedra: 1543
